分数,人数,累计
----,----,----
708及以上,11,11
707,5,16
706,9,25
705,5,30
704,2,32
703,10,42
702,5,47
701,5,52
700,13,65
699,13,78
698,20,98
697,16,114
696,20,134
695,15,149
694,17,166
693,17,183
692,29,212
691,24,236
690,28,264
689,25,289
688,27,316
687,37,353
686,36,389
685,53,442
684,35,477
683,47,524
682,45,569
681,40,609
680,45,654
679,46,700
678,48,748
677,83,831
676,66,897
675,57,954
674,60,1014
673,76,1090
672,68,1158
671,79,1237
670,79,1316
669,87,1403
668,70,1473
667,112,1585
666,90,1675
665,89,1764
664,114,1878
663,108,1986
662,82,2068
661,85,2153
660,101,2254
659,100,2354
658,114,2468
657,138,2606
656,127,2733
655,127,2860
654,141,3001
653,131,3132
652,153,3285
651,143,3428
650,133,3561
649,150,3711
648,169,3880
647,178,4058
646,151,4209
645,177,4386
644,149,4535
643,186,4721
642,176,4897
641,184,5081
640,192,5273
639,181,5454
638,175,5629
637,176,5805
636,201,6006
635,178,6184
634,178,6362
633,210,6572
632,198,6770
631,222,6992
630,179,7171
629,201,7372
628,192,7564
627,199,7763
626,239,8002
625,241,8243
624,223,8466
623,231,8697
622,231,8928
621,208,9136
620,247,9383
619,232,9615
618,240,9855
617,245,10100
616,269,10369
615,270,10639
614,252,10891
613,231,11122
612,289,11411
611,266,11677
610,242,11919
609,271,12190
608,271,12461
607,270,12731
606,259,12990
605,250,13240
604,284,13524
603,290,13814
602,268,14082
601,270,14352
600,260,14612
599,267,14879
598,279,15158
597,296,15454
596,315,15769
595,299,16068
594,261,16329
593,277,16606
592,322,16928
591,330,17258
590,296,17554
589,300,17854
588,343,18197
587,307,18504
586,326,18830
585,296,19126
584,340,19466
583,316,19782
582,326,20108
581,329,20437
580,361,20798
579,321,21119
578,331,21450
577,346,21796
576,304,22100
575,353,22453
574,364,22817
573,382,23199
572,318,23517
571,300,23817
570,367,24184
569,337,24521
568,309,24830
567,357,25187
566,341,25528
565,365,25893
564,331,26224
563,362,26586
562,349,26935
561,389,27324
560,372,27696
559,356,28052
558,373,28425
557,368,28793
556,377,29170
555,372,29542
554,391,29933
553,404,30337
552,399,30736
551,379,31115
550,403,31518
549,402,31920
548,364,32284
547,375,32659
546,396,33055
545,406,33461
544,412,33873
543,414,34287
542,426,34713
541,418,35131
540,407,35538
539,411,35949
538,423,36372
537,394,36766
536,468,37234
535,435,37669
534,426,38095
533,481,38576
532,418,38994
531,389,39383
530,422,39805
529,383,40188
528,413,40601
527,389,40990
526,418,41408
525,395,41803
524,399,42202
523,451,42653
522,413,43066
521,403,43469
520,424,43893
519,460,44353
518,465,44818
517,458,45276
516,438,45714
515,460,46174
514,475,46649
513,443,47092
512,441,47533
511,435,47968
510,447,48415
509,461,48876
508,457,49333
507,436,49769
506,484,50253
505,447,50700
504,494,51194
503,454,51648
502,465,52113
501,446,52559
500,485,53044
499,500,53544
498,461,54005
497,510,54515
496,456,54971
495,472,55443
494,474,55917
493,485,56402
492,466,56868
491,464,57332
490,474,57806
489,481,58287
488,460,58747
487,486,59233
486,463,59696
485,464,60160
484,526,60686
483,476,61162
482,462,61624
481,472,62096
480,475,62571
479,492,63063
478,456,63519
477,504,64023
476,521,64544
475,471,65015
474,483,65498
473,527,66025
472,501,66526
471,496,67022
470,489,67511
469,475,67986
468,482,68468
467,469,68937
466,469,69406
465,470,69876
464,473,70349
463,465,70814
462,462,71276
461,472,71748
460,484,72232
459,479,72711
458,503,73214
457,518,73732
456,531,74263
455,510,74773
454,495,75268
453,520,75788
452,490,76278
451,460,76738
450,471,77209
449,503,77712
448,524,78236
447,481,78717
446,519,79236
445,506,79742
444,501,80243
443,478,80721
442,476,81351
441,510,81351
440,507,81858
439,520,82377
438,543,82920
437,480,83400
436,522,83922
435,483,84405
434,510,84915
433,466,85381
432,504,85885
431,466,86351
430,507,86858
429,520,87378
428,499,87877
427,518,88395
426,503,88898
425,481,89379
424,515,89894
423,490,90384
422,504,90888
421,485,91373
420,486,91859
419,463,92322
418,514,92836
417,484,93320
416,464,93784
415,479,94263
414,502,94765
413,457,95222
412,485,95707
411,466,96173
410,479,96652
409,502,97154
408,485,97639
407,431,98070
406,484,98554
405,431,98985
404,463,99448
403,480,99928
402,455,100383
401,509,100892
400,479,101371
399,503,101874
398,447,102321
397,484,102805
396,447,103252
395,470,103722
394,451,104173
393,466,104639
392,454,105093
391,466,105559
390,460,106019
389,453,106472
388,439,106911
387,426,107337
386,460,107797
385,414,108211
384,447,108658
383,447,109105
382,448,109553
381,411,109964
380,498,110462
379,427,110889
378,447,111336
377,449,111785
376,435,112220
375,429,112649
374,444,113093
373,443,113536
372,463,113999
371,427,114426
370,405,114831
369,399,115230
368,402,115632
367,431,116063
366,419,116482
365,406,116888
364,404,117292
363,401,117693
362,394,118087
361,400,118487
360,414,118901
359,409,119310
358,403,119713
357,365,120078
356,388,120466
355,396,120862
354,378,121240
353,391,121631
352,401,122032
351,407,122439
350,362,122801
349,360,123161
348,381,123542
347,391,123933
346,377,124310
345,379,124689
344,370,125059
343,339,125398
342,376,125774
341,341,126115
340,355,126470
339,336,126806
338,363,127169
337,325,127494
336,351,127845
335,347,128192
334,288,128480
333,319,128799
332,320,129119
331,318,129437
330,349,129786
329,343,130129
328,358,130487
327,323,130810
326,300,131110
325,326,131436
324,265,131701
323,292,131993
322,333,132326
321,260,132586
320,295,132881
319,302,133183
318,276,133459
317,289,133748
316,274,134022
315,289,134311
314,266,134577
313,251,134828
312,278,135106
311,294,135399
310,263,135662
309,256,135918
308,250,136168
307,239,136407
306,257,136664
305,240,136904
304,219,137123
303,245,137368
302,238,137606
301,271,137877
300,239,138116
299,232,138348
298,214,138562
297,186,138748
296,216,138964
295,204,139168
294,179,139347
293,213,139560
292,214,139774
291,204,139978
290,198,140176
289,204,140380
288,186,140566
287,184,140750
286,201,140951
285,196,141147
284,197,141344
283,213,141557
282,196,141753
281,167,141920
280,155,142075
279,140,142215
278,167,142382
277,157,142539
276,153,142692
275,136,142828
274,169,143007
273,128,143135
272,167,143302
271,155,143457
270,148,143605
269,157,143762
268,134,143896
267,139,144035
266,113,144148
265,114,144262
264,112,144374
263,112,144486
262,113,144599
261,133,144732
260,122,144854
259,115,144969
258,114,145083
257,115,145198
256,108,145306
255,98,145404
254,113,145517
253,112,145629
252,86,145715
251,96,145811
250,102,145913
249,88,146001
248,100,146101
247,91,146192
246,89,146281
245,79,146360
244,90,146450
243,72,146522
242,78,146598
241,83,146681
240,54,146735
239,74,146809
238,81,146890
237,80,146970
236,68,147038
235,69,147107
234,74,147181
233,62,147243
232,70,147313
231,58,147371
230,60,147431
229,56,147487
228,62,147549
227,47,147596
226,40,147636
225,53,147689
224,41,147730
223,52,147782
222,50,147832
221,42,147874
220,53,147927
219,45,147972
218,35,148007
217,48,148055
216,35,148090
215,35,148125
214,33,148158
213,30,148188
212,36,148224
211,35,148259
210,33,148292
209,30,148322
208,23,148345
207,18,148363
206,33,148396
205,25,148421
204,28,148449
203,28,148477
202,27,148504
201,26,148530
200,18,148548
199,18,148566
198,21,148587
197,17,148604
